text.color : (1, 0.9176470588235294, 0.7372549019607844)
axes.edgecolor :(1, 0.9176470588235294, 0.7372549019607844)
axes.labelcolor:(1, 0.9176470588235294, 0.7372549019607844)
xtick.color :(1, 0.9176470588235294, 0.7372549019607844)
ytick.color :(1, 0.9176470588235294, 0.7372549019607844)
axes.facecolor :(0.21176470588235294, 0.20784313725490197, 0.18823529411764706)
figure.facecolor :(0.21176470588235294, 0.20784313725490197, 0.18823529411764706)
