text.color : (1, 0.9176470588235294, 0.7372549019607844)
axes.edgecolor :(1, 0.9176470588235294, 0.7372549019607844)
axes.labelcolor:(1, 0.9176470588235294, 0.7372549019607844)
xtick.color :(1, 0.9176470588235294, 0.7372549019607844)
ytick.color :(1, 0.9176470588235294, 0.7372549019607844)
axes.facecolor :(0.25882352941176473,0.25098039215686274,0.23137254901960785)
figure.facecolor :(0.25882352941176473,0.25098039215686274,0.23137254901960785)
